1
32
32
32
32
32
32
32
32
32
32
32
32
32
32
32
32
32
32
32
32
32
20
20
20
20
5
5
5
0
500
1
5
0.00
0
0
0
0
0
0
0
0
0
0
0
0
0
0
0
0
0
0
0
0
0
0
0
0
0
0
0
0
0
0
0
0
0
1
0
30
20
20
1
20
20
1
0
0
0
0
0
0
0
100
0
0
100
0
0
100
0
0
100
0
0
100
0
0
100
0
0
100
0
0
100
0
0
100
0
0
100
0
0
100
0
0
100
0
0
100
0
0
0
1
5
0
0
0
0
0
0
0
0
100
1
0
1
2
5
0
0
0
0
0
0
0
0
25
1
0
2
1
3
20
0
0
0
0
0
0
0
100
1
0
1
0
0
0
0
0
0
0
0
0
0
0
0
0
0
0
0
0
0
0
0
0
0
0
0
0
0
0
0
0
0
0
0
0
0
0
0
0
0
0
0
0
0
0
0
0
0
0
0
0
0
0
0
0
0
0
0
0
0
0
0
0
0
0
0
0
0
0
0
0
0
0
0
0
0
0
0
0
0
0
0
0
0
0
0
0
0
0
0
0
0
0
0
0
0
0
0
0
0
0
1
1
0
0
10
10
10
0
500
500
1
2
0
0
0
0
1
1
1
0


*** END ***
